88269.531825 1196215.2871 6103268.5827 1791077.6582 517123.41589 # 1993 1
735320.16926 152409.9017 368136.09488 117939.82327 37152.032187 # 1993 2
0 1139487.1767 1740967.2287 5944504.9212 2353003.7013 # 1994 1
0 242760.01386 58370.881161 245327.74683 151450.13813 # 1994 2
0 2982747.4551 1411344.6432 605774.53137 34359.810234 # 1995 1
3903.1475969 4027.4810941 1371.8356335 169.93128032 107.49491186 # 1995 2
0 0 0 0 0 # 1996 1
2419413.0964 2416551.64 3189909.2022 203720.6395 991278.49404 # 1996 2
0 3000250.5483 320988.14789 1829480.5846 441913.09277 # 1997 1
0 1382632.3605 35863.133198 43136.956676 10227.546329 # 1997 2
0 2373462.4263 4071824.3334 250335.66359 139032.07368 # 1998 1
230.67738175 66382.472117 102480.80125 6524.7480655 3502.0796425 # 1998 2
0 1543466.8701 1057146.895 1438947.7487 236129.14186 # 1999 1
0 83790.87174 43711.47349 44084.701153 11014.620622 # 1999 2
24859.747948 5819087.2002 343265.20228 324766.35679 344793.99147 # 2000 1
0 0 0 0 0 # 2000 2
2959.8604398 2143402.05 5102580.9901 622624.79026 403191.26098 # 2001 1
9699.437077 64454.409697 18970.243315 538.49786596 276.1581406 # 2001 2
9676.7844518 341553.8887 792245.22877 477342.30737 87599.60423 # 2002 1
0 0 0 0 0 # 2002 2
169340.73234 4079507.3492 863910.76984 2542922.322 1247478.489 # 2003 1
165408.75736 161850.48319 10943.377189 5720.704189 1520.1043413 # 2003 2
0 937816.22677 216721.3112 43575.679963 69187.168384 # 2004 1
0 4389.381583 1107.5061411 219.95008689 146.40941783 # 2004 2
0 54370.747991 158523.62602 35259.565701 19363.553205 # 2005 1
0 0 0 0 0 # 2005 2
0 0 0 0 0 # 2006 1
0 0 0 0 0 # 2006 2
0 0 0 0 0 # 2007 1
0 0 0 0 0 # 2007 2
0 0 0 0 0 # 2008 1
0 0 0 0 0 # 2008 2
0 0 0 0 0 # 2009 1
0 0 0 0 0 # 2009 2
0 0 0 0 0 # 2010 1
0 0 0 0 0 # 2010 2
0 0 0 0 0 # 2011 1
0 0 0 0 0 # 2011 2
115.02193687 92132.371595 49961.615686 212947.62265 3135.5411701 # 2012 1
0 0 0 0 0 # 2012 2
0 0 0 0 0 # 2013 1
0 0 0 0 0 # 2013 2
5301.0218403 363063.63361 42665.397282 7757.8533667 36906.90971 # 2014 1
0 0 0 0 0 # 2014 2
0 919028.72883 33211.693557 9779.0912465 16421.53215 # 2015 1
0 0 0 0 0 # 2015 2
13650.183157 189255.86541 374106.62523 19155.788038 34070.754264 # 2016 1
0 0 0 0 0 # 2016 2
73.414025868 711428.10702 436413.38279 523199.86232 26878.389589 # 2017 1
0.0001456896 0.0895357999 0.0133922237 0.015047272 0.0032762755 # 2017 2
454.23712865 892914.08271 1261581.7382 346971.13623 1111251.0281 # 2018 1
0 0 0 0 0 # 2018 2
1874.8467574 315832.03686 160958.95295 144304.86429 61045.529295 # 2019 1
0 0 0 0 0 # 2019 2
9544.5804816 2451802.3441 259213.11692 71558.526993 84884.031771 # 2020 1
27036.022296 22114.333581 315.92101734 99.040097234 264.47144089 # 2020 2
397890.26621 3321451.3551 2167359.7833 349117.484 373410.30187 # 2021 1
1241.5737617 19727.903483 77973.881194 11992.444752 40429.52553 # 2021 2
10851.549676 332179.73045 71955.018638 124685.33618 40296.118353 # 2022 1
0 0 0 0 0 # 2022 2
51665.644274 337877.40579 524308.59176 223191.29756 319845.75517 # 2023 1
0 0 0 0 0 # 2023 2
0 0 0 0 0 # 2024 1
0 0 0 0 0 # 2024 2
