1238.98041533298 # 1993 1
1440.12949138111 # 1994 1
435.814063174528 # 1995 1
534.647130793652 # 1996 1
532.953270675072 # 1997 1
643.17501132389 # 1998 1
848.420782886384 # 1999 1
437.538492533718 # 2000 1
678.164466666258 # 2001 1
150.612575203679 # 2002 1
1077.15699201222 # 2003 1
213.653046588868 # 2004 1
101.940734843166 # 2005 1
1.79167179922194 # 2006 1
1.26556438836862 # 2007 1
9.78987694013361 # 2008 1
0 # 2009 1
4.05609871103412 # 2010 1
9.94811769288499 # 2011 1
77.6579049615226 # 2012 1
44.2803494523572 # 2013 1
51.9513735516398 # 2014 1
39.9298453329376 # 2015 1
118.359280477313 # 2016 1
248.969686179207 # 2017 1
610.197581171383 # 2018 1
168.765543223137 # 2019 1
226.264433118893 # 2020 1
1196.54027920263 # 2021 1
113.489651421053 # 2022 1
355.561392559863 # 2023 1
0 # 2024 1
197.123540806349 # 1993 2
186.385319061605 # 1994 2
1.39539457493474 # 1995 2
966.270535095531 # 1996 2
146.64983423582 # 1997 2
40.2022893327259 # 1998 2
0 # 1999 2
0 # 2000 2
14.1822118672897 # 2001 2
0 # 2002 2
75.6277433478837 # 2003 2
1.96810096800585 # 2004 2
0 # 2005 2
0 # 2006 2
0 # 2007 2
0 # 2008 2
0 # 2009 2
0 # 2010 2
0 # 2011 2
0 # 2012 2
0 # 2013 2
0 # 2014 2
0 # 2015 2
0 # 2016 2
0 # 2017 2
0 # 2018 2
0 # 2019 2
0 # 2020 2
100.430024493934 # 2021 2
0 # 2022 2
0 # 2023 2
0 # 2024 2
