1e-05 615 494 # 1999
1e-05 586 3170 # 2000
1e-05 48 2656 # 2001
1e-05 243 404 # 2002
1e-05 580 -9 # 2003
1e-05 736.168353046286 3206.76263443043 # 2008
1e-05 35276.9942147673 31127.6775086736 # 2009
1e-05 1936.32731846608 44970.536101764 # 2010
1e-05 1730.29349489258 22720.1378622831 # 2011
1e-05 2727.79132030962 6454.59353927672 # 2012
1e-05 2046.65806792451 6595.42183281162 # 2013
1e-05 10455.233597122 2194.33275684607 # 2014
1e-05 5331.72275093327 29867.6794128697 # 2015
1e-05 16542.9578105729 8015.46565824376 # 2016
1e-05 2232.88751503948 18184.0705794976 # 2017
1e-05 1780.93687777464 14133.5640166396 # 2018
1e-05 3792.50974523028 13968.3113007228 # 2019
1e-05 3720.49779630025 38828.1462454066 # 2020
1e-05 1787.15748168282 21642.9419123271 # 2021
1e-05 14359.2392331616 7426.0272767062 # 2022
1e-05 260.287615578403 8287.44369138756 # 2023
1e-05 585.913952326241 444.81353397275 # 2024
