0 0.607682107526882 0.492889935483871 0.404414411827957 0.360784364516129 # 1993
0.987242744444444 0.740396222222222 0.464482522222222 0.4576049 0.436825114444444 # 1993
0 0.607682107526882 0.492889935483871 0.404414411827957 0.360784364516129 # 1994
0.987242744444444 0.740396222222222 0.464482522222222 0.4576049 0.436825114444444 # 1994
0 0.607682107526882 0.492889935483871 0.404414411827957 0.360784364516129 # 1995
0.987242744444444 0.740396222222222 0.464482522222222 0.4576049 0.436825114444444 # 1995
0 0.607682107526882 0.492889935483871 0.404414411827957 0.360784364516129 # 1996
0.987242744444444 0.740396222222222 0.464482522222222 0.4576049 0.436825114444444 # 1996
0 0.607682107526882 0.492889935483871 0.404414411827957 0.360784364516129 # 1997
0.987242744444444 0.740396222222222 0.464482522222222 0.4576049 0.436825114444444 # 1997
0 0.607682107526882 0.492889935483871 0.404414411827957 0.360784364516129 # 1998
0.987242744444444 0.740396222222222 0.464482522222222 0.4576049 0.436825114444444 # 1998
0 0.607682107526882 0.492889935483871 0.404414411827957 0.360784364516129 # 1999
0.987242744444444 0.740396222222222 0.464482522222222 0.4576049 0.436825114444444 # 1999
0 0.607682107526882 0.492889935483871 0.404414411827957 0.360784364516129 # 2000
0.987242744444444 0.740396222222222 0.464482522222222 0.4576049 0.436825114444444 # 2000
0 0.607682107526882 0.492889935483871 0.404414411827957 0.360784364516129 # 2001
0.987242744444444 0.740396222222222 0.464482522222222 0.4576049 0.436825114444444 # 2001
0 0.607682107526882 0.492889935483871 0.404414411827957 0.360784364516129 # 2002
0.987242744444444 0.740396222222222 0.464482522222222 0.4576049 0.436825114444444 # 2002
0 0.607682107526882 0.492889935483871 0.404414411827957 0.360784364516129 # 2003
0.987242744444444 0.740396222222222 0.464482522222222 0.4576049 0.436825114444444 # 2003
0 0.607682107526882 0.492889935483871 0.404414411827957 0.360784364516129 # 2004
0.987242744444444 0.740396222222222 0.464482522222222 0.4576049 0.436825114444444 # 2004
0 0.607682107526882 0.492889935483871 0.404414411827957 0.360784364516129 # 2005
0.987242744444444 0.740396222222222 0.464482522222222 0.4576049 0.436825114444444 # 2005
0 0.607682107526882 0.492889935483871 0.404414411827957 0.360784364516129 # 2006
0.987242744444444 0.740396222222222 0.464482522222222 0.4576049 0.436825114444444 # 2006
0 0.607682107526882 0.492889935483871 0.404414411827957 0.360784364516129 # 2007
0.987242744444444 0.740396222222222 0.464482522222222 0.4576049 0.436825114444444 # 2007
0 0.607682107526882 0.492889935483871 0.404414411827957 0.360784364516129 # 2008
0.987242744444444 0.740396222222222 0.464482522222222 0.4576049 0.436825114444444 # 2008
0 0.607682107526882 0.492889935483871 0.404414411827957 0.360784364516129 # 2009
0.987242744444444 0.740396222222222 0.464482522222222 0.4576049 0.436825114444444 # 2009
0 0.607682107526882 0.492889935483871 0.404414411827957 0.360784364516129 # 2010
0.987242744444444 0.740396222222222 0.464482522222222 0.4576049 0.436825114444444 # 2010
0 0.607682107526882 0.492889935483871 0.404414411827957 0.360784364516129 # 2011
0.987242744444444 0.740396222222222 0.464482522222222 0.4576049 0.436825114444444 # 2011
0 0.607682107526882 0.492889935483871 0.404414411827957 0.360784364516129 # 2012
0.987242744444444 0.740396222222222 0.464482522222222 0.4576049 0.436825114444444 # 2012
0 0.607682107526882 0.492889935483871 0.404414411827957 0.360784364516129 # 2013
0.987242744444444 0.740396222222222 0.464482522222222 0.4576049 0.436825114444444 # 2013
0 0.607682107526882 0.492889935483871 0.404414411827957 0.360784364516129 # 2014
0.987242744444444 0.740396222222222 0.464482522222222 0.4576049 0.436825114444444 # 2014
0 0.607682107526882 0.492889935483871 0.404414411827957 0.360784364516129 # 2015
0.987242744444444 0.740396222222222 0.464482522222222 0.4576049 0.436825114444444 # 2015
0 0.607682107526882 0.492889935483871 0.404414411827957 0.360784364516129 # 2016
0.987242744444444 0.740396222222222 0.464482522222222 0.4576049 0.436825114444444 # 2016
0 0.607682107526882 0.492889935483871 0.404414411827957 0.360784364516129 # 2017
0.987242744444444 0.740396222222222 0.464482522222222 0.4576049 0.436825114444444 # 2017
0 0.607682107526882 0.492889935483871 0.404414411827957 0.360784364516129 # 2018
0.987242744444444 0.740396222222222 0.464482522222222 0.4576049 0.436825114444444 # 2018
0 0.607682107526882 0.492889935483871 0.404414411827957 0.360784364516129 # 2019
0.987242744444444 0.740396222222222 0.464482522222222 0.4576049 0.436825114444444 # 2019
0 0.607682107526882 0.492889935483871 0.404414411827957 0.360784364516129 # 2020
0.987242744444444 0.740396222222222 0.464482522222222 0.4576049 0.436825114444444 # 2020
0 0.607682107526882 0.492889935483871 0.404414411827957 0.360784364516129 # 2021
0.987242744444444 0.740396222222222 0.464482522222222 0.4576049 0.436825114444444 # 2021
0 0.607682107526882 0.492889935483871 0.404414411827957 0.360784364516129 # 2022
0.987242744444444 0.740396222222222 0.464482522222222 0.4576049 0.436825114444444 # 2022
0 0.607682107526882 0.492889935483871 0.404414411827957 0.360784364516129 # 2023
0.987242744444444 0.740396222222222 0.464482522222222 0.4576049 0.436825114444444 # 2023
0 0.607682107526882 0.492889935483871 0.404414411827957 0.360784364516129 # 2024
0.987242744444444 0.740396222222222 0.464482522222222 0.4576049 0.436825114444444 # 2024
0 0.607682107526882 0.492889935483871 0.404414411827957 0.360784364516129 # 2025
0.987242744444444 0.740396222222222 0.464482522222222 0.4576049 0.436825114444444 # 2025
